5.21302e-07
24073160
1.04259e-06
48146320
1.5639e-06
72219480
2.08523e-06
96292640
2.60657e-06
120365800
3.12793e-06
144438960
3.64928e-06
168512120
4.17067e-06
192585280
4.69208e-06
216658440
5.21352e-06
240731600
5.33045e-06
264804759
5.85198e-06
288877919
6.37358e-06
312951079
6.89522e-06
337024239
7.41692e-06
361097399
7.93869e-06
385170559
8.4605e-06
409243719
8.98239e-06
433316879
9.50434e-06
457390039
1.00264e-05
481463199
1.05485e-05
505536359
1.10707e-05
529609519
1.1593e-05
553682679
1.21155e-05
577755839
1.2638e-05
601828999
1.31606e-05
625902159
1.36833e-05
649975319
1.42061e-05
674048479
1.4729e-05
698121639
1.5252e-05
722194799
1.57752e-05
746267959
1.58939e-05
770341118
1.64174e-05
794414278
1.69409e-05
818487438
1.74647e-05
842560598
1.79886e-05
866633758
1.85126e-05
890706918
1.90368e-05
914780078
1.95611e-05
938853238
2.00856e-05
962926398
2.06102e-05
986999558
